1542853424 1
1542853710 2
1542853814 3
1542853952 4
1542854404 5
1542854500 6
1542854864 7
1542855006 8
1542855082 9
1542855344 10
1542916489 11
1542952668 12
1542953461 13
1542998478 14
1543107553 15
1543107788 16
1543108715 17
1543122164 18
1543123287 19
1543124371 20
1543190705 21
1543190955 22
1543202491 23
1543202566 24
1543203429 25
1543203562 26
1543203637 27
1543203662 28
1543203682 29
1543204124 30
1543205203 31
1543205904 32
1543207521 33
1543257290 34
1543266425 35
1543372882 36
1543378893 37
1543447381 38
1543887187 39
1543887214 40
1543887900 41
1543941679 42
1543948732 43
1544056419 44
1544057861 45
1544128821 46
1544138462 47
1544298710 48
1544300633 49
1544300709 50
1544302465 51
1544302624 52
1544302731 53
1544302837 54
1544304923 55
1544305717 56
1544373185 57
1544374044 58
1544489867 59
1544489927 60
1544489991 61
1544490040 62
1544490104 63
1544490127 64
1544490195 65
1544491600 66
1544494795 67
1544550198 68
1544550241 69
1544550294 70
1544550343 71
1544550373 72
1544572609 73
1544574947 74
1544576568 75
1544577075 76
1544577611 77
1544577659 78
1544583022 79
1544586257 80
1544655200 81
1544655426 82
1544671781 83
1544671929 84
1544814002 85
1544838997 86
1544932844 87
1545018154 88
1545100458 89
1545168190 90
1545168997 91
1545169728 92
1545173958 93
1545274818 94
1545364536 95
1545537773 96
1545616760 97
1545616993 98
1545617008 99
1545667330 100
1545667374 101
1545668566 102
1545745481 103
1545750094 104
1545750260 105
1545757247 106
1545757770 107
1545758792 108
1545858761 109
1545867324 110
1545879957 111
1546050329 112
1546050496 113
1546136776 114
1546273914 115
1546402198 116
1546487242 117
1546572044 118
1546572107 119
1546572160 120
1546572198 121
1546573178 122
1546573224 123
1546653948 124
1546743934 125
1546807285 126
1546833511 127
1546916521 128
1546921912 129
1546922003 130
1546967808 131
1546967846 132
1546968174 133
1546968355 134
1546974152 135
1546995241 136
1546995258 137
1547003052 138
1547006106 139
1547006167 140
1547090953 141
1547091576 142
1547092302 143
1547178683 144
1547236413 145
1547261848 146
1547353830 147
1547353872 148
1547353923 149
1547425194 150
1547437207 151
1547437507 152
1547438934 153
1547485810 154
1547591794 155
1547612637 156
1547613789 157
1547613808 158
1547683121 159
1547683159 160
1547684115 161
1547692849 162
1547700296 163
1547787635 164
1547865397 165
1548910232 166
1548911091 167
1548984929 168
1549074753 169
1549161940 170
1549250859 171
1549250990 172
1549327205 173
1549331933 174
1549341704 175
1549513603 176
1549598054 177
1549683046 178
1549737252 179
1549777634 180
1549835027 181
1549851046 182
1549908964 183
1549919666 184
1549945297 185
1549994309 186
1549994694 187
1550030624 188
1550115671 189
1550205093 190
1550205442 191
1550287074 192
1550374051 193
1550437207 194
1550453366 195
1550458252 196
1550548451 197
1550548480 198
1550551111 199
1550551127 200
1550551192 201
1550551223 202
1550551242 203
1550633971 204
1550635132 205
1550721963 206
1550811122 207
1550887849 208
1550951117 209
1550979460 210
1550981607 211
1550982164 212
1550982789 213
1551016994 214
1551147986 215
1551325260 216
1551325436 217
1551336968 218
1551503428 219
1551573913 220
1551584479 221
1551670243 222
1551758812 223
1551843365 224
1551843382 225
1551917378 226
1551917409 227
1551934934 228
1551934975 229
1551935002 230
1552014511 231
1552020155 232
1552020191 233
1552020223 234
1552077653 235
1552077756 236
1552077788 237
1552077909 238
1552077998 239
1552186866 240
1552187431 241
1552192965 242
1552192982 243
1552193274 244
1552193347 245
1552193377 246
1552278321 247
1552278350 248
1552278561 249
1552278629 250
1552363642 251
1552449461 252
1552449508 253
1552449570 254
1552533724 255
1552538276 256
1552541252 257
1552621499 258
1552621660 259
1552714562 260
1552767721 261
1552774138 262
1552882021 263
1552969640 264
1553055607 265
1553127631 266
1553127761 267
1553141277 268
1553198233 269
1553198485 270
1553228470 271
1553270862 272
1553270896 273
1553305654 274
1553377606 275
1553401726 276
1553487651 277
1553570444 278
1553654153 279
1553747927 280
1553832652 281
1553918956 282
1554008749 283
1554084978 284
1554178016 285
1554264271 286
1554344426 287
1554344915 288
1554439110 289
1554517723 290
1554612602 291
1554683677 292
1554695129 293
1554787623 294
1554865149 295
1554954089 296
1555016335 297
1555031882 298
1555033816 299
1555039838 300
1555122476 301
1555291712 302
1555386449 303
1555476330 304
1555557521 305
1555632167 306
1555646781 307
1555714451 308
1555714478 309
1555714988 310
1555715229 311
1555721005 312
1555810929 313
1555903890 314
1555989345 315
1556077036 316
1556248865 317
1556305022 318
1556334823 319
1556334968 320
1556335448 321
1556413235 322
1556413740 323
1556501558 324
1556596521 325
1556676673 326
1556768435 327
1556853597 328
1557029697 329
1557029863 330
1557107581 331
1557107717 332
1557198185 333
1557454300 334
1557625513 335
1557627740 336
1557627886 337
1557719434 338
1557719452 339
1557803917 340
1557879586 341
1557885037 342
1557885060 343
1557885167 344
1557887090 345
1557893398 346
1557966573 347
1557966853 348
1557978860 349
1558063128 350
1558144089 351
1558238317 352
1558413861 353
1558495244 354
1558587500 355
1558711900 356
1558713849 357
1558713899 358
1558737186 359
1558738752 360
1558745273 361
1558748109 362
1558805168 363
1558806182 364
1558840744 365
1558925075 366
1558930960 367
1559014423 368
1559091598 369
1559095175 370
1559095832 371
1559101734 372
1559258079 373
1559260265 374
1559356657 375
1559526485 376
1559580461 377
1559580687 378
1559617593 379
1559617697 380
1559618603 381
