1542853424 4323
1542853710 4326
1542853814 4326
1542853952 4326
1542854404 4325
1542854500 4324
1542854864 4324
1542855006 4324
1542855082 4325
1542855344 1628
1542916489 1631
1542952668 2983
1542953461 3157
1542998478 1837
1543107553 1855
1543107788 1855
1543108715 1851
1543122164 1851
1543123287 1872
1543124371 1888
1543190705 1898
1543190955 1898
1543202491 1897
1543202566 1904
1543203429 1977
1543203562 1977
1543203637 1985
1543203662 2190
1543203682 2241
1543204124 2241
1543205203 2245
1543205904 2248
1543207521 2251
1543257290 2251
1543266425 2279
1543372882 2280
1543378893 2541
1543447381 2537
1543887187 2551
1543887214 2608
1543887900 2608
1543941679 2621
1543948732 2623
1544056419 2622
1544057861 2622
1544128821 2641
1544138462 2642
1544298710 2656
1544300633 2658
1544300709 2883
1544302465 2883
1544302624 2889
1544302731 2889
1544302837 2889
1544304923 2891
1544305717 2893
1544373185 2892
1544374044 2892
1544489867 2900
1544489927 2940
1544489991 2935
1544490040 2935
1544490104 2941
1544490127 2948
1544490195 2992
1544491600 3001
1544494795 3001
1544550198 3012
1544550241 3028
1544550294 3033
1544550343 3081
1544550373 3171
1544572609 4194
1544574947 4195
1544576568 4192
1544577075 4191
1544577611 4194
1544577659 4194
1544583022 4195
1544586257 4195
1544655200 4195
1544655426 4198
1544671781 4207
1544671929 4207
1544814002 4227
1544838997 4238
1544932844 4246
1545018154 4257
1545100458 4269
1545168190 4271
1545168997 4208
1545169728 4208
1545173958 4250
1545274818 4276
1545364536 4287
1545537773 4310
1545616760 4310
1545616993 4637
1545617008 4650
1545667330 4650
1545667374 4659
1545668566 4664
1545745481 4671
1545750094 4665
1545750260 4666
1545757247 4666
1545757770 4668
1545758792 4669
1545858761 4685
1545867324 4711
1545879957 4708
1546050329 4735
1546050496 4733
1546136776 4750
1546273914 4776
1546402198 4806
1546487242 4817
1546572044 4819
1546572107 4827
1546572160 4828
1546572198 4891
1546573178 4903
1546573224 4904
1546653948 4916
1546743934 4928
1546807285 4930
1546833511 4943
1546916521 4943
1546921912 4956
1546922003 4955
1546967808 4958
1546967846 5049
1546968174 5049
1546968355 5049
1546974152 5051
1546995241 5055
1546995258 5055
1547003052 5055
1547006106 5067
1547006167 5067
1547090953 5075
1547091576 5086
1547092302 5085
1547178683 5096
1547236413 5197
1547261848 5212
1547353830 5225
1547353872 5225
1547353923 5248
1547425194 5254
1547437207 5662
1547437507 5673
1547438934 5606
1547485810 5629
1547591794 5630
1547612637 5650
1547613789 5646
1547613808 5667
1547683121 5669
1547683159 5745
1547684115 5745
1547692849 5745
1547700296 5757
1547787635 5770
1547865397 5784
1548910232 5785
1548911091 5780
1548984929 5779
1549074753 5779
1549161940 5796
1549250859 5800
1549250990 5810
1549327205 5700
1549331933 5697
1549341704 5708
1549513603 5730
1549598054 5742
1549683046 5759
1549737252 5770
1549777634 5779
1549835027 5756
1549851046 5767
1549908964 5767
1549919666 5833
1549945297 5843
1549994309 5849
1549994694 5846
1550030624 5857
1550115671 5867
1550205093 5878
1550205442 5878
1550287074 5889
1550374051 5899
1550437207 5899
1550453366 5900
1550458252 5912
1550548451 6019
1550548480 6019
1550551111 6020
1550551127 6020
1550551192 6020
1550551223 6020
1550551242 6030
1550633971 6042
1550635132 6043
1550721963 6055
1550811122 6064
1550887849 6074
1550951117 6070
1550979460 6080
1550981607 6080
1550982164 6077
1550982789 6082
1551016994 6087
1551147986 6107
1551325260 6551
1551325436 6592
1551336968 6619
1551503428 6646
1551573913 6642
1551584479 6652
1551670243 6664
1551758812 6685
1551843365 6686
1551843382 6699
1551917378 6697
1551917409 6710
1551934934 6721
1551934975 6723
1551935002 6731
1552014511 6731
1552020155 6753
1552020191 6766
1552020223 6767
1552077653 6765
1552077756 6780
1552077788 6879
1552077909 6880
1552077998 6880
1552186866 6879
1552187431 6908
1552192965 7608
1552192982 7630
1552193274 7633
1552193347 7634
1552193377 7396
1552278321 7396
1552278350 7404
1552278561 7405
1552278629 7200
1552363642 7213
1552449461 7214
1552449508 7214
1552449570 7229
1552533724 7229
1552538276 7241
1552541252 7255
1552621499 7371
1552621660 7383
1552714562 7395
1552767721 7396
1552774138 7406
1552882021 7419
1552969640 7430
1553055607 7443
1553127631 7444
1553127761 7446
1553141277 7457
1553198233 7629
1553198485 7629
1553228470 7640
1553270862 7665
1553270896 7666
1553305654 7680
1553377606 7706
1553401726 7719
1553487651 7730
1553570444 7745
1553654153 7756
1553747927 7765
1553832652 7776
1553918956 7788
1554008749 7801
1554084978 7813
1554178016 7833
1554264271 7847
1554344426 7943
1554344915 8046
1554439110 8056
1554517723 8066
1554612602 8079
1554683677 8079
1554695129 8089
1554787623 8106
1554865149 8121
1554954089 8135
1555016335 8136
1555031882 8143
1555033816 8143
1555039838 8157
1555122476 8170
1555291712 8196
1555386449 8211
1555476330 8224
1555557521 8238
1555632167 8240
1555646781 8254
1555714451 8254
1555714478 8319
1555714988 8320
1555715229 8326
1555721005 8339
1555810929 8355
1555903890 8369
1555989345 8384
1556077036 8398
1556248865 8423
1556305022 8424
1556334823 8488
1556334968 8605
1556335448 8623
1556413235 8762
1556413740 8776
1556501558 8791
1556596521 8804
1556676673 8815
1556768435 8831
1556853597 8843
1557198185 8882
1557454300 8926
1557625513 8926
1557627740 8996
1557627886 9032
1557719434 9045
1557719452 9147
1557803917 9161
1557879586 9160
1557885037 9160
1557885060 9154
1557885167 9147
1557887090 9163
1557893398 9177
1557966573 9154
1557966853 9154
1557978860 9155
1558063128 9169
1558144089 9182
1558238317 9195
1558413861 9226
1558495244 9241
1558587500 9254
1558711900 9254
1558713849 9415
1558713899 9437
1558737186 9450
1558738752 9450
1558745273 9474
1558748109 9478
1558805168 9434
1558806182 9433
1558840744 9445
1558925075 9445
1558930960 9460
1559014423 9473
1559091598 9475
1559095175 9458
1559095832 9470
1559101734 9483
1559258079 9475
1559260265 9500
1559356657 9513
1559526485 9548
1559580461 9558
1559580687 9558
1559617593 9585
1559617697 9599
1559618603 9599
1559702986 9614
1559790247 9629
1559846570 9637
1559847164 9638
1559847458 9639
1559849224 9653
1559854327 9671
1559855215 9673
1559856821 9680
1559857390 9685
1559873795 9700
1559955989 9714
1560046568 9746
1560136271 9762
1560211714 9762
1560223065 9662
1560310951 9678
1560388032 9779
1560390126 9956
1560483085 9988
1560565078 10004
1560650448 10028
1560789739 10045
1560799886 10040
1560827167 10055
1560914308 10072
1560999868 10089
1561089869 10104
1561164401 10118
1561261840 10132
1561348105 10146
1561431571 10160
1561518719 10174
1561605615 10189
1561685637 10203
1561779171 10218
1561869479 10232
1561946396 10246
1562035751 10269
1562114212 10284
1562210633 10300
1562296081 10314
1562391976 10331
1562465241 10345
1562556798 10360
1562640593 10374
1562725771 10391
1562812925 10407
1562898676 10421
1562978161 10435
1563042036 10602
1563045490 10602
1563069491 10616
1563155705 10630
1563242339 10648
1563417229 10683
1563503268 10702
1563590825 10719
1563677560 10738
1563711669 10755
1563837684 10772
1563934723 10789
1564019357 10807
1564101357 10824
1564196789 10841
1564283876 10861
1564366365 10878
1564455031 10895
1564529858 10912
1564625839 10929
1564713550 10953
1564793783 10970
1564885583 10986
1564976723 11003
1565058788 11019
1565145915 11036
1565231655 11053
1565317664 11071
1565403000 11086
1565488358 11102
1565579301 11117
1565666005 11133
1565750790 11148
1565836764 11162
1565922136 11178
1566006492 11197
1566094534 11215
1566269933 11230
1566356484 11244
1566441215 11258
1566530415 11272
1566699017 11286
1566790985 11300
