1542853424 4323
1542853710 4326
1542853814 4326
1542853952 4326
1542854404 4326
1542854500 4326
1542854864 4327
1542855006 4340
1542855082 4341
1542855344 4341
1542916489 4344
1542952668 5705
1542953461 5881
1542998478 5896
1543107553 5915
1543107788 5916
1543108715 5971
1543122164 5981
1543123287 6002
1543124371 6018
1543190705 6029
1543190955 6030
1543202491 6030
1543202566 6037
1543203429 6188
1543203562 6203
1543203637 6225
1543203662 6430
1543203682 6481
1543204124 6482
1543205203 6606
1543205904 6611
1543207521 6615
1543257290 6618
1543266425 6651
1543372882 6652
1543378893 7078
1543447381 7101
1543887187 7115
1543887214 7172
1543887900 7174
1543941679 7190
1543948732 7193
1544056419 7194
1544057861 7195
1544128821 7215
1544138462 7224
1544298710 7239
1544300633 7289
1544300709 7514
1544302465 7515
1544302624 7522
1544302731 7523
1544302837 7524
1544304923 7528
1544305717 7545
1544373185 7552
1544374044 7556
1544489867 7573
1544489927 7613
1544489991 7618
1544490040 7619
1544490104 7634
1544490127 7641
1544490195 7685
1544491600 7697
1544494795 7698
1544550198 7710
1544550241 7726
1544550294 7733
1544550343 7781
1544550373 7871
1544572609 8938
1544574947 8947
1544576568 8959
1544577075 8960
1544577611 8967
1544577659 8968
1544583022 8969
1544586257 8970
1544655200 8971
1544655426 8977
1544671781 8987
1544671929 8990
1544814002 9013
1544838997 9024
1544932844 9032
1545018154 9043
1545100458 9055
1545168190 9058
1545168997 9059
1545169728 9062
1545173958 9120
1545274818 9146
1545364536 9157
1545537773 9180
1545616760 9183
1545616993 9510
1545617008 9523
1545667330 9530
1545667374 9566
1545668566 9573
1545745481 9588
1545750094 9589
1545750260 9590
1545757247 9592
1545757770 9595
1545758792 9596
1545858761 9613
1545867324 9640
1545879957 9641
1546050329 9669
1546050496 9669
1546136776 9698
1546273914 9887
1546402198 9918
1546487242 9929
1546572044 9944
1546572107 9953
1546572160 9955
1546572198 10108
1546573178 10120
1546573224 10123
1546653948 10136
1546743934 10148
1546807285 10162
1546833511 10175
1546916521 10180
1546921912 10193
1546922003 10193
1546967808 10197
1546967846 10290
1546968174 10292
1546968355 10294
1546974152 10297
1546995241 10302
1546995258 10303
1547003052 10305
1547006106 10317
1547006167 10318
1547090953 10482
1547091576 10493
1547092302 10494
1547178683 10505
1547236413 11376
1547261848 11391
1547353830 11405
1547353872 11408
1547353923 11475
1547425194 11483
1547437207 11955
1547437507 11968
1547438934 11969
1547485810 12060
1547591794 12061
1547612637 12161
1547613789 12163
1547613808 12213
1547683121 12215
1547683159 12291
1547684115 12291
1547692849 12294
1547700296 12306
1547787635 12319
1547865397 12333
1548910232 12335
1548911091 12401
1548984929 12402
1549074753 12404
1549161940 12422
1549250859 12427
1549250990 12438
1549327205 12571
1549331933 12631
1549341704 12642
1549513603 12666
1549598054 12678
1549683046 12730
1549737252 12741
1549777634 12750
1549835027 12849
1549851046 12860
1549908964 12872
1549919666 12938
1549945297 12949
1549994309 12957
1549994694 12958
1550030624 13008
1550115671 13018
1550205093 13032
1550205442 13036
1550287074 13047
1550374051 13057
1550437207 13071
1550453366 13074
1550458252 13086
1550548451 13193
1550548480 13196
1550551111 13198
1550551127 13200
1550551192 13201
1550551223 13203
1550551242 13213
1550633971 13225
1550635132 13232
1550721963 13244
1550811122 13253
1550887849 13263
1550951117 13271
1550979460 13281
1550981607 13283
1550982164 13285
1550982789 13292
1551016994 13299
1551147986 13320
1551325260 13922
1551325436 13971
1551336968 13999
1551503428 14026
1551573913 14050
1551584479 14060
1551670243 14072
1551758812 14094
1551843365 14098
1551843382 14111
1551917378 14111
1551917409 14126
1551934934 14137
1551934975 14140
1551935002 14153
1552014511 14155
1552020155 14179
1552020191 14193
1552020223 14194
1552077653 14194
1552077756 14229
1552077788 14328
1552077909 14332
1552077998 14333
1552186866 14333
1552187431 14365
1552192965 15077
1552192982 15100
1552193274 15103
1552193347 15104
1552193377 15106
1552278321 15109
1552278350 15119
1552278561 15120
1552278629 15120
1552363642 15135
1552449461 15136
1552449508 15154
1552449570 15171
1552533724 15171
1552538276 15196
1552541252 15211
1552621499 15327
1552621660 15342
1552714562 15354
1552767721 15356
1552774138 15366
1552882021 15383
1552969640 15394
1553055607 15407
1553127631 15408
1553127761 15410
1553141277 15421
1553198233 15593
1553198485 15595
1553228470 15628
1553270862 15661
1553270896 15667
1553305654 15681
1553377606 15712
1553401726 15725
1553487651 15736
1553570444 15766
1553654153 15777
1553747927 15787
1553832652 15798
1553918956 15836
1554008749 15849
1554084978 15861
1554178016 15881
1554264271 15895
1554344426 15991
1554344915 16120
1554439110 16130
1554517723 16140
1554612602 16164
1554683677 16164
1554695129 16178
1554787623 16196
1554865149 16211
1554954089 16226
1555016335 16227
1555031882 16236
1555033816 16238
1555039838 16252
1555122476 16266
1555291712 16292
1555386449 16307
1555476330 16320
1555557521 16334
1555632167 16337
1555646781 16351
1555714451 16361
1555714478 16426
1555714988 16429
1555715229 16438
1555721005 16451
1555810929 16471
1555903890 16485
1555989345 16500
1556077036 16514
1556248865 16539
1556305022 16541
1556334823 16700
1556334968 16819
1556335448 16839
1556413235 16978
1556413740 16993
1556501558 17008
1556596521 17021
1556676673 17032
1556768435 17048
1556853597 17060
1557029697 17061
1557029863 17071
1557107581 17220
1557107717 17233
1557198185 17272
1557454300 17316
1557625513 17319
1557627740 17447
1557627886 17447
1557719434 17460
1557719452 17568
1557803917 17582
1557879586 17644
1557885037 17647
1557885060 17654
1557885167 17662
1557887090 17680
1557893398 17694
1557966573 19582
1557966853 19583
1557978860 19584
1558063128 19598
1558144089 19636
1558238317 19649
1558413861 19722
1558495244 19739
1558587500 19752
1558711900 19753
1558713849 19914
1558713899 19936
1558737186 20047
1558738752 21271
1558745273 21409
1558748109 22605
1558805168 22636
1558806182 22637
1558840744 22649
1558925075 22659
1558930960 22675
1559014423 22688
1559091598 22705
1559095175 22798
1559095832 22812
1559101734 22825
1559258079 22880
1559260265 22906
1559356657 22920
1559526485 22955
1559580461 22969
1559580687 24049
1559617593 24084
1559617697 24098
1559618603 24102
1559702986 24121
1559790247 24136
1559846570 24159
1559847164 24161
1559847458 24163
1559849224 24202
1559854327 24227
1559855215 24240
1559856821 24249
1559857390 24257
1559873795 24272
1559955989 24286
1560046568 24332
1560136271 24348
1560211714 24350
1560223065 24367
1560310951 24383
1560388032 24487
1560390126 24705
1560483085 24737
1560565078 24757
1560650448 24797
1560789739 24815
1560799886 24818
1560827167 24842
1560914308 24859
1560999868 24876
1561089869 24891
1561164401 24905
1561261840 24919
1561348105 24933
1561431571 24947
1561518719 24961
1561605615 24976
1561685637 24991
1561779171 25006
1561869479 25020
1561946396 25034
1562035751 25057
1562114212 25072
1562210633 25088
1562296081 25104
1562391976 25121
1562465241 25135
1562556798 25150
1562640593 25164
1562725771 25181
1562812925 25197
1562898676 25211
1562978161 25225
1563042036 25392
1563045490 25393
1563069491 25407
1563155705 25421
1563242339 25439
1563417229 25474
1563503268 25494
1563590825 25511
1563677560 25530
1563711669 25549
1563837684 25566
1563934723 25584
1564019357 25602
1564101357 25619
1564196789 25636
1564283876 25656
1564366365 25673
1564455031 25691
1564529858 25708
1564625839 25725
1564713550 25749
1564793783 25766
1564885583 25796
1564976723 25813
1565058788 25829
1565145915 25846
1565231655 25863
1565317664 25882
1565403000 25897
1565488358 25913
1565579301 25928
1565666005 25944
1565750790 25959
1565836764 25973
1565922136 25989
1566006492 26008
1566094534 26026
1566269933 26042
1566356484 26056
1566441215 26070
1566530415 26084
1566699017 26098
1566790985 26113
1566872869 26127
1566959460 26142
1567047187 26158
1567134519 26173
1567222221 26187
1567308477 26201
1567393521 26222
1567479966 26236
1567565234 26251
1567654918 26267
1567739782 26281
